100100000
100111001
000000001
100100001
100111111
010110100
100100100
100110000
010111000
100101111
100111111
010111111
100100000
100110011
010111110
100100010
100110000
000000010
010010010
010100011
010010011
010010011
010010011
010010011
001110011
001110011
001110011
001110011
110000000
100100000
100110000
000100011
000110001
101110001
001010101
001011110
100100000
100110000
000101110
101110000
010110011
110000000
100100000
100110000
001000100
000100100
000000010
100100000
100111000
010110111
010010010
010100011
010010011
010010011
010010011
010010011
001110011
001110011
001110011
001110011
110000000
100100000
100110000
000100011
000110001
101110100
001000101
001011111
100100000
100110000
000101111
101100101
001010111
100100000
100110000
000100111
101110011
001011000
000101000
101110010
100100000
100111010
000010101
110010000
