100110000
100100000
000000001
100110001
000000010
100110010
000000011
100110011
000000100
100111100
010111110
100110000
010110101
000100001
010111010
100110000
100100000
000100010
010111011
100110000
100100000
000100011
010111100
100110000
100100000
000100100
010111101
110000000
100110000
100101000
010110110
100100000
010110111
000100101
101100010
001110110
010000111
001010000
101110001
000101100
101010111
101100111
011000011
011000100
001000100
100110000
100100000
000100011
110000000
010110011
100110000
100100000
000100101
101100100
001100001
010000010
001010000
101110011
100110000
100100000
000100101
101100110
001100011
010000100
001010000
101110101
011000110
011000111
001000111
100110000
100100000
000100110
110000000
010110110
100110000
100100000
000101011
000100100
010111011
100110000
100100000
000101010
110000000
000100011
110000000
010111010
100110000
100100000
000101101
000100010
010111101
100110000
100100000
000101100
110000000
000100001
010111100
110000000
100110000
100100000
000101001
000100111
010111001
100110000
100100000
000101000
110000000
000100110
010111000
100110000
100100000
101101100
011000001
011000010
001000010
100110000
100100000
000100001
110000000
010110001
100110000
100100000
000100101
101101001
001100001
010000010
001010000
101111000
100110000
100100000
000100101
101101011
001100011
010000100
001010000
101111010
100110000
100100000
000101011
000100100
010111011
100110000
100100000
000101010
110000000
000100011
010111010
110000000
100110000
100100000
000101101
000100010
010111101
100110000
100100000
000101100
110000000
000100001
010111100
110000000
100110000
100100000
000101001
000100111
010111001
100110000
100100000
000101000
110000000
000100110
010111000
001000101
110000000
100110000
100100000
000101010
010110001
100110000
100100000
000101011
010110010
100110000
100100000
000101100
010110011
100110000
100100000
000101101
010110100
001011110
100100000
100110000
000101110
101110000
100100000
100110101
000010001
100110110
000010010
100110111
000011000
100111000
000011001
110010000
