100100000
100111000
010110111
100101000
100110000
000000010
100100001
010110110
100101000
100110010
000000011
100100000
100110000
010110001
010110100
010110101
010010010
010100001
001010110
100100000
100110000
000100110
000110111
101110001
100101000
100110001
000000010
100100000
100110000
000100001
101110001
100100000
100110000
000100010
011010011
101110101
100100000
100110000
000100001
011010011
101110000
100100000
100110000
000100001
011010011
101110011
100100000
100110000
000100001
000110011
010110001
001000101
010010101
010100100
100100000
100110000
000100110
000110111
101110100
100101000
100110001
000000010
010010010
010100001
001010110
100100000
100110000
000100110
101110010
100100000
100110000
000100011
011010001
000100101
010110101
100100111
100111110
000010100
100100111
100111111
000010101
110000000
110010000
